AL 26846 65.3 5.8  24.9 9
AK 35874 60.2 5.9  29.2 3
AZ 29265 54.1 8.0  28.9 11
AR 25635 72.0 6.2  22.6 6
CA 35021 36.5 9.3  33.3 55
CO 36415 67.7 6.4  40.1 9
CT 43056 65.9 6.1  38.9 7
DE 33989 61.7 5.6  31.4 3
DC 53321 37.5 8.2  57.6 3
FL 30197 53.2 6.5  29.2 29
GA 29523 52.0 4.5  30.7 16
HI 34035 21.7 14.3 32.5 4
ID 26772 81.6 5.5  26.9 4
IL 34463 60.8 6.8  34.1 20
IN 28461 78.4 5.0  25.9 11
IA 31085 85.0 3.6  28.2 6
KS 30757 75.4 5.3  32.9 6
KY 26948 84.1 7.4  23.6 8
LA 27027 58.4 9.4  23.7 8
ME 31253 93.0 5.4  30.9 4
MD 40517 50.0 7.8  39.6 10
MA 41794 71.1 7.4  42.9 11
MI 30336 74.7 5.5  28.6 16
MN 36245 79.1 4.6  35.4 10
MS 23434 56.4 7.4  21.8 6
MO 29537 79.1 4.6  28.6 10
MT 29765 85.9 4.9  31.2 3
NE 31101 78.2 3.0  31.3 5
NV 29961 48.2 12.0 24.2 6
NH 38548 89.8 4.2  36.5 4
NJ 40895 54.6 8.2  38.9 14
NM 26085 36.8 8.1  27.1 5
NY 37470 55.3 9.6  35.9 29
NC 29456 62.6 6.3  30.5 15
ND 35373 83.7 4.8  29.5 3
OH 30304 78.4 5.6  27.8 18
OK 27432 65.0 6.1  25.2 7
OR 32045 75.1 6.9  32.9 7
PA 32889 75.7 7.3  30.8 20
RI 34619 71.4 7.0  33.3 4
SC 27986 63.7 4.2  27.4 9
SD 29801 81.5 3.6  28.5 3
TN 28511 73.5 7.4  26.6 11
TX 30143 41.2 6.9  29.3 38
UT 28239 77.8 4.1  33.3 6
VT 33238 92.6 3.2  37.3 3
VA 37763 61.2 5.3  38.2 13
WA 36888 67.5 6.0  35.3 12
WV 25479 92.0 6.4  20.3 5
WI 32018 80.9 5.7  29.5 10
WY 32295 83.7 5.5  26.9 3
